613
713
712
612
512
513
514
414
314
214
114
113
112
111
211
311
411
410
310
309
209
109
108
107
106
105
104
103
203
202
102
101
201
301
201
101
102
202
203
103
104
105
106
107
108
208
308
408
409
509
609
709
710
709
609
509
409
408
508
608
607
707
706
705
605
604
603
602
601
701
702
703
704
804
904
905
906
907
906
905
904
804
704
703
702
701
601
602
502
402
403
303
304
305
306
307
306
307
308
309
310
410
411
311
211
111
112
113
114
214
314
313
312
412
512
612
712
812
712
711
611
511
411
311
211
111
112
113
112
111
211
311
411
410
510
610
710
709
708
608
607
707
706
705
605
505
405
404
403
402
502
602
601
701
702
703
803
903
803
703
702
701
601
602
603
604
605
705
706
707
607
608
708
808
809
909
910
911
912
913
914
814
714
614
